008958
009006
009016
009306
009350
009362
009366
009367
009369
009371
009377
009380
009444
009446
009451
009454
009455
009456
009457
009459
009461
009463
009464
009465
009466
009467
009469
009489
009563
009571
009573
009575
009577
009578
009582
009603
009604
009605
009609
009670
009836
009842
009849
009850
009852
009854
009864
009868
009870
009884
009890
009896
009897
010067
010308
010312
010316
010327
010330
010333
010375
010378
010381
010384
010386
010388
010390
010391
010392
010393
010395
010397
010398
010399
010400
010402
010404
010405
010406
010407
010409
010411
010413
009910
009928
009932
009936
009949
009999
